-69
118
101
77
59
51
-44
-67
73
-123
71
43
69
-14
91
116
104
104
-14
-93
-79
39
90
79
5
48
103
41
123
-12
-90
98
-17
85
9
-20
-108
2
101
88
-32
5
-4
-125
-41
39
-78
107
-111
-110
20
-57
-98
90
28
95
65
-24
-112
41
-20
80
-57
117
-85
-14
-58
18
-75
99
-27
-7
-113
82
53
-2
40
-63
57
-70
38
-127
-104
-93
-72
-105
-96
45
-120
-90
8
41
75
-73
56
40
83
-93
29
124
50
-125
-74
-111
-68
-26
-46
-97
-95
-110
109
107
-90
21
116
-61
-125
34
-79
92
-108
-50
18
-117
-4
17
108
96
-10
-105
-97
7
97
-33
-79
-75
50
38
-36
120
99
23
24
-54
99
115
-8
34
-59
-82
-30
-102
80
61
119
69
-104
30
52
17
82
76
97
124
70
102
-41
100
125
-128
-78
-28
70
-36
10
80
26
14
57
-48
-43
-46
-100
-63
-4
127
-123
31
119
-11
37
-90
-122
-123
24
-88
-109
-35
19
10
-108
-47
-39
64
3
-48
-6
12
67
91
-51
-108
-28
-63
28
-40
91
43
10
107
39
87
-54
-80
11
126
-68
35
-17
47
-71
32
26
38
49
-128
-95
-114
-50
65
-67
-107
73
-81
73
-111
112
-101
114
-106
99
1
72
14
-46
87
24
80
-120
100
-114
-17
-42
-27
-58
46
65
-101
-126
11
-86
-50
64
-80
107
1
-35
-100
122
-112
-82
-15
26
8
18
69
-107
-56
-10
71
34
109
-4
40
-97
26
78
-110
-43
-87
-37
-47
-2
1
22
-4
-95
-117
-26
-78
-65
-4
15
19
41
-67
14
121
-124
54
99
52
30
-21
-109
-121
-39
70
19
-109
-62
103
94
42
-72
22
98
65
-43
4
113
-123
44
91
92
-21
90
-34
27
-116
88
34
53
-85
85
123
3
54
-30
48
-81
-115
-123
97
-94
-11
-50
63
39
32
-28
122
-57
125
-114
9
-19
-86
29
-91
7
-64
-18
-96
-103
-125
114
96
46
38
115
-98
-124
-41
30
115
28
9
71
-93
-28
88
-72
27
-69
46
17
82
-64
96
-112
60
48
-97
49
-63
7
-76
-98
-93
-107
-92
103
96
84
94
-111
-36
-17
-46
53
-43
-13
-19
-76
-56
89
26
53
-45
-106
19
30
-56
94
37
-60
85
79
111
111
-119
36
84
112
-95
-28
126
-58
75
-59
4
-54
38
-57
42
41
-124
-30
-47
-123
94
38
123
-41
20
83
67
74
102
64
-118
102
-37
13
104
60
23
-32
73
34
37
86
29
125
119
-51
-78
-102
43
44
-4
71
-19
13
80
-117
91
37
42
-43
-16
28
127
15
-38
-86
-99
-1
-56
40
-107
-92
-30
-60
-37
-38
-87
-36
-1
63
47
-16
119
-92
117
-43
-5
-52
37
100
-2
-105
12
-5
105
43
98
77
8
50
-103
-83
104
102
12
71
-80
-2
98
-46
126
-53
67
52
-4
-92
47
-53
-13
-110
-35
117
-62
31
17
-26
61
122
-80
-67
-27
87
82
-35
-107
-105
-35
9
27
91
-79
-69
-74
111
36
40
-112
-22
-81
66
43
-37
63
-58
94
102
63
-59
13
-88
-128
105
-102
67
59
-71
96
32
86
107
-25
114
-104
25
77
-93
-50
103
-82
13
-126
58
-105
99
22
-100
68
59
-114
98
-46
-57
-12
-63
-63
86
-91
0
-43
106
71
38
93
-48
-75
-97
125
10
-21
-36
63
-37
-88
-103
93
111
-20
-98
54
-20
-109
104
30
-30
-14
41
-70
120
-58
-82
-6
-43
-105
6
97
83
-89
47
78
-72
17
-94
-40
-95
-49
-48
-83
-88
32
87
69
-38
64
-57
-16
-49
-33
-52
27
7
91
97
-110
-47
38
48
-33
69
111
116
67
-100
32
-112
83
100
103
-60
40
-120
-115
99
-97
41
65
22
-92
-115
-46
-125
-82
127
-38
12
-63
-112
-11
-28
-118
-20
-100
-49
-74
-80
100
-76
101
-88
109
82
-34
116
-61
-3
22
20
114
65
-56
-86
113
36
126
104
-84
31
-29
67
-76
69
-122
-21
-123
-52
32
-114
18
110
-48
19
27
-80
6
-33
97
-76
-61
-77
55
-18
-35
8
-110
30
45
-45
-87
-89
54
-71
56
-73
56
2
82
-93
17
49
87
-17
-88
99
51
49
-21
-105
85
49
-81
2
20
16
-107
-99
51
2
28
-73
-110
75
83
124
-81
35
39
-28
75
-109
-127
-58
65
-112
10
-28
52
112
-46
57
-2
61
-4
-82
-126
-45
93
102
-50
68
27
-90
73
108
-117
42
23
-79
-15
-106
-6
106
10
8
20
101
-38
-95
82
-3
-70
40
83
24
-20
10
-113
-95
-83
22
61
22
40
110
-91
-52
3
20
116
-5
122
-98
-123
-57
39
98
-88
-38
-27
-67
101
50
-112
-121
36
20
-20
-13
-67
77
-97
123
32
14
62
69
-82
-49
-83
-79
89
126
48
-76
-64
51
75
-14
-72
-111
63
47
-25
-51
70
32
-114
-109
-64
76
-86
-80
-30
-18
74
-43
-17
101
99
-22
16
-51
-61
-98
-112
-38
22
-73
-34
42
-66
-59
25
38
-31
5
117
-60
118
-104
-25
27
-58
-22
-34
54
-6
-3
65
86
93
123
-33
-66
-102
-119
112
-68
60
-98
-45
-10
17
10
-42
21
39
84
27
96
37
-102
-16
-116
-39
58
77
-79
52
-40
-6
-123
-35
102
-19
119
73
-55
-21
57
65
-40
74
-6
38
-20
-95
94
-16
1
54
-55
98
109
54
-112
33
54
92
-107
-35
9
76
-31
98
24
111
61
7
16
-30
-124
-45
-22
-24
-39
-27
-3
-47
-1
-87
60
113
9
57
47
-9
-75
-78
-97
-126
11
-16
-16
86
104
-56
-78
84
35
-93
-102
116
101
-97
53
9
49
-14
38
64
70
79
-125
9
-110
-11
-73
22
-98
-50
-68
73
-63
84
85
31
115
31
6
-104
30
-30
-78
50
84
59
119
23
117
-116
103
3
-42
38
-18
-128
43
111
10
-56
18
-120
-124
-66
76
31
-59
-2
-90
29
-35
-114
-53
-93
-124
-93
111
120
-8
-24
-28
31
26
127
-100
38
2
88
-101
114
39
-102
120
61
45
30
75
11
54
53
71
42
12
-18
75
-95
-69
37
40
-114
-76
53
77
-22
100
-40
-18
27
4
11
30
-120
46
118
25
-101
-67
-83
8
-126
-6
-14
67
-51
-18
120
-54
39
-65
82
103
-122
76
25
55
-82
120
-49
6
17
30
19
-107
86
-98
-58
19
86
13
63
4
75
110
-80
-128
29
125
102
-111
-68
-77
-79
46
96
-39
70
-83
-114
26
119
6
-33
-59
104
68
44
61
83
17
-104
-19
63
-115
-47
1
27
-71
97
-118
65
18
100
-25
69
111
54
21
66
-87
66
-114
-101
35
-55
-6
-66
-20
-39
-104
-85
10
-16
-76
-39
-104
-67
-7
-52
104
85
-98
35
-58
43
-10
-116
47
1
71
100
-127
-100
93
35
-9
80
-108
93
-69
-5
22
-57
46
-6
91
48
-20
120
94
-43
-89
-92
35
104
-107
-118
48
85
-78
81
108
-114
89
74
-65
-117
55
45
80
55
63
-45
53
53
-49
107
26
-6
-115
-24
-25
-100
-105
-3
50
-85
115
68
102
38
116
-89
67
116
-103
81
59
90
-76
-112
5
-57
-37
11
56
-14
69
99
126
59
112
76
34
-68
-90
-49
-22
19
-73
-97
-37
3
-15
17
53
-5
-7
-37
109
-3
-19
39
3
-41
36
-39
45
-111
119
110
-12
82
-1
46
-33
105
14
-126
12
-6
-103
-64
0
-106
74
116
40
-83
-15
-96
34
-79
-25
-33
75
-108
115
-60
7
9
35
-36
-15
-6
-44
-1
51
43
47
8
-45
69
123
54
-55
-24
51
-63
-60
29
-39
77
-25
99
21
95
-49
48
-5
15
-54
-113
-110
-78
11
-106
-6
-18
19
-4
-90
123
51
-22
-71
-8
-106
59
71
-57
-90
85
94
99
117
-127
10
-94
-68
9
-46
-115
81
-114
22
41
121
-55
-44
63
-96
-75
-123
-109
-117
14
-128
-92
-107
-54
24
51
-100
77
-116
-99
13
-16
-71
-102
106
50
-97
-57
90
24
98
-120
