36
0
75
126
72
103
-127
-59
70
19
-36
-107
-63
98
80
-6
-80
-89
99
73
106
60
-86
121
-45
-21
20
8
-46
68
-12
-31
102
37
108
84
32
-103
56
-91
120
75
12
-4
36
2
-112
52
8
82
-99
-72
-26
-86
9
0
-126
20
-94
68
-76
-44
-74
119
121
55
109
81
5
-15
-7
-75
46
-52
-60
86
69
22
98
60
-113
111
115
29
32
26
82
6
-14
116
120
-90
-115
8
53
-69
-122
-107
-78
-82
56
114
99
56
29
-110
124
-53
53
-23
-49
50
7
80
121
-123
19
-69
16
-56
-26
42
-127
1
21
104
79
-5
-58
-99
67
-85
95
83
88
-56
112
97
-50
42
52
-29
-55
9
-24
-5
-64
11
-108
-111
-7
-121
-58
-108
-100
-57
-55
-116
121
57
102
97
44
80
67
-51
-75
14
-76
-122
-117
112
-110
7
-81
117
-61
122
87
-106
-38
-86
66
-49
-106
-73
70
37
-120
98
-5
-70
-81
-62
44
45
22
126
-91
-90
14
96
-74
15
125
74
81
114
-87
-98
62
74
56
16
123
-61
-46
97
60
114
9
-65
119
-80
122
87
-43
-122
100
5
-98
18
-59
45
61
69
4
35
53
90
-25
-9
26
-17
35
-115
96
107
-106
65
-111
23
86
-23
-74
124
112
-126
40
-96
25
105
-21
45
-102
67
-126
-13
-70
6
-76
104
65
126
-106
-99
18
-121
-74
-18
-22
-71
74
-25
5
126
-80
87
-47
2
39
-50
-95
33
105
-60
-88
60
-24
4
-67
71
-115
-12
-37
-106
-12
-16
59
72
115
102
103
-117
61
1
118
13
-80
-69
56
52
-92
-119
-84
-54
30
36
-40
119
-72
83
-60
6
40
-71
3
-127
41
33
-41
-80
32
-5
-91
-82
75
-60
-123
25
0
-55
24
9
86
40
95
44
-48
115
26
54
24
114
-68
47
23
76
55
-117
-55
-112
91
81
-74
121
-125
122
-29
88
-86
-23
-10
-63
100
3
101
124
-90
-126
-84
-41
122
50
-21
29
-28
52
-84
114
7
1
-83
-37
21
-69
-5
127
79
117
-117
79
-91
12
-42
86
-109
-25
-31
93
-96
-15
41
49
123
115
-116
-116
-128
-90
-87
35
102
20
-118
-92
-58
111
26
-21
13
83
-91
80
-72
-105
76
-19
37
31
-75
59
-78
28
117
33
36
104
122
-127
40
90
60
21
-77
19
50
110
-111
-71
-74
3
0
61
-55
-80
90
-110
-94
-103
66
119
-119
56
104
-51
48
-24
-114
83
-38
-68
17
-106
43
26
10
103
-110
91
-53
64
-125
-57
-109
-127
96
100
91
74
-25
39
26
-3
39
-85
-13
53
107
-88
18
-91
97
10
-76
-27
-116
-124
83
85
8
10
124
-88
-117
-68
117
-14
-117
23
-119
21
119
-79
87
-109
110
90
73
94
-69
-76
-9
-88
-77
23
-44
38
24
116
-82
-83
-46
90
11
-4
-85
113
-73
116
10
-106
41
-117
-26
-95
73
-62
-114
-119
67
-117
108
-68
-77
-108
-26
107
51
-23
0
-51
-74
85
62
-92
16
44
53
-61
-80
18
-59
56
-56
51
-77
-125
86
115
-86
112
114
-22
52
-65
-25
-97
94
-80
-117
-71
-87
24
-67
-111
46
-112
120
-53
-99
89
63
-60
118
-109
60
68
-128
-80
-37
60
13
-75
-102
-77
114
81
-68
105
110
4
102
49
115
-6
21
-101
-128
79
-30
43
45
79
-12
-71
124
-63
5
119
41
-88
-92
52
-69
-15
58
44
-16
73
73
122
0
21
-48
25
-87
11
-23
-85
-106
-37
-92
-2
-112
86
102
-57
84
-13
-39
111
27
57
16
36
25
38
-88
68
59
-7
-108
62
-109
66
49
-44
-30
98
-100
116
-53
-90
27
3
-128
-110
-118
-22
75
-84
34
91
59
87
113
101
-102
1
106
21
33
-110
-20
-103
119
40
96
101
105
-90
88
64
123
85
-89
-96
-60
64
28
113
-108
-121
112
40
-26
10
25
23
-107
-79
22
-107
-16
-101
14
61
71
83
109
54
-50
-12
97
107
114
-54
-106
14
49
47
-61
-92
-76
-79
49
-90
-42
-45
-50
55
-128
75
99
-5
14
-51
58
-89
50
82
17
-114
123
-113
-86
-112
59
15
40
88
-62
105
-94
-48
-122
64
-75
19
-49
63
72
-94
77
-109
11
-15
43
121
-18
-84
-109
-71
0
60
22
82
0
-21
38
-79
-103
-75
49
-40
88
-88
-85
-9
-102
117
-90
62
-85
-121
70
72
101
33
-28
90
-85
108
-93
-64
7
12
-80
-32
-32
36
78
-10
-82
32
-76
7
-60
115
-55
27
-125
-96
-43
-106
-57
1
72
-117
-34
10
-53
-14
117
66
-121
-79
5
-21
23
87
-8
-77
-74
46
-57
-55
87
-74
9
-4
44
122
-84
-107
-53
70
76
-68
-35
27
13
101
-93
117
-33
81
-57
-93
-64
-102
71
92
-62
13
36
-98
-126
92
-123
114
108
-66
12
53
-94
-18
100
-88
-90
-128
-52
-5
59
69
-87
-95
103
-33
119
-113
-77
51
-100
-108
-5
-89
-47
67
11
-10
124
80
-4
114
28
61
80
20
-54
-10
54
-40
-102
25
-4
23
104
-6
7
-88
109
-77
93
-8
-62
-87
111
-110
85
112
-12
99
-6
-89
-79
-96
-63
-104
-12
76
-86
-115
74
54
-79
28
-123
-113
4
-112
68
-57
-53
107
48
-62
-81
-93
-55
-62
8
38
82
66
-75
-65
-60
-64
10
48
18
-3
-92
-82
21
-36
-61
-43
113
100
-69
80
10
-29
74
-121
-121
-72
71
-3
44
75
57
0
-72
44
-38
-115
-85
23
100
36
-92
32
36
-86
71
-126
59
121
-13
10
-52
-108
-14
-66
-47
-4
73
63
-39
14
-45
-69
106
106
71
-79
7
-32
-107
-52
-44
-61
-22
-106
-124
121
80
-98
40
-38
118
-121
106
-99
62
34
7
-55
11
-97
-105
5
-126
105
-60
125
-48
-109
97
-78
-37
-106
-30
-30
26
-40
-76
45
-105
-21
-94
89
81
89
-81
100
-110
-85
39
-110
-7
37
-123
-67
-30
110
60
37
37
93
26
-64
-45
-77
39
68
-5
84
126
-43
95
-77
34
-124
73
64
-113
79
-45
122
-124
49
-97
-97
-87
-128
70
74
121
-27
-107
-54
-18
19
-50
-42
1
58
99
84
-99
-101
-125
28
120
-39
121
122
17
-126
-44
-55
21
-118
25
-57
3
-45
1
-78
-79
-75
122
119
85
106
-9
-104
-46
-84
-105
-54
97
10
81
-93
77
-104
83
79
12
104
26
-118
17
6
106
99
45
-52
99
60
-92
-13
94
118
54
-92
-6
121
47
-115
33
-51
-95
34
66
58
10
67
52
113
83
-24
-88
-54
127
-21
92
70
105
20
-49
87
-91
23
-9
32
49
115
-122
41
98
53
11
36
-69
97
-126
11
-17
-4
-127
-106
82
32
99
-12
-60
72
-48
-123
-118
-60
102
88
44
74
28
120
30
-65
86
46
-39
-123
50
-118
72
28
44
-64
11
78
49
92
77
35
72
-94
9
65
-55
-20
29
-24
-12
-113
-120
-77
-69
-73
40
11
57
-30
26
89
90
32
-119
44
117
41
44
66
-102
25
-116
95
86
72
12
-110
9
-119
-54
-98
-39
80
97
-118
43
-103
-68
84
13
-81
-53
-111
106
-23
-73
125
87
-78
-50
-110
16
115
8
60
2
-89
119
31
55
53
74
-103
5
55
96
-104
-5
84
57
36
-37
34
-15
-56
61
62
-91
94
-3
101
99
60
33
15
24
-111
70
-94
122
89
103
-63
-54
-122
-126
-81
61
69
13
60
-27
-55
-72
-71
57
116
85
125
-127
35
-50
-55
-59
-103
-89
-60
50
102
-116
-90
87
-124
62
-109
-119
115
103
81
84
-16
1
95
58
113
31
-96
-96
-78
-49
17
5
-40
69
-52
101
108
-74
-68
33
71
120
71
35
78
80
-120
13
-56
-124
1
38
86
-57
49
-62
114
-5
-105
99
-26
-69
-34
27
-99
55
3
112
29
-125
85
103
-128
36
-102
114
-104
53
68
56
16
112
-92
-73
-16
-93
100
-78
100
-128
-16
80
19
-42
-92
-76
-71
42
-101
-107
77
-74
-95
-58
118
-78
-126
101
9
109
42
-84
-62
50
-111
5
-114
-87
89
-42
114
-120
-120
22
63
-67
86
33
-46
23
-109
94
-106
13
91
100
56
82
100
-122
30
-100
-103
-96
-10
-69
58
-77
60
94
-58
-72
16
121
105
86
-6
37
1
-59
60
24
-8
-93
-96
-88
83
-116
-92
71
-65
-123
-52
-108
71
12
88
-106
43
89
108
67
62
3
115
-51
37
-99
127
-104
11
19
120
-90
-50
-94
-124
-18
24
100
117
-16
60
124
10
27
113
19
113
77
113
16
76
-70
4
-74
117
20
-31
-109
15
-97
90
44
56
-11
-108
33
6
18
114
22
-82
47
124
-68
-31
41
-128
26
88
-120
-10
-78
-128
42
-74
-70
79
117
122
48
-27
81
3
104
-68
-113
98
-64
52
-72
42
40
70
124
-23
-78
89
58
-117
-56
-127
-96
33
9
60
73
10
124
48
95
60
-116
51
59
-69
-106
-27
52
30
-20
-114
114
-40
29
56
-40
113
-55
-56
56
-77
60
-49
26
-91
77
7
115
122
121
55
-85
-78
-31
24
-71
-56
-121
-21
-46
-113
-3
-60
-79
17
-72
-68
-105
-101
32
-11
-75
-109
123
-15
46
-89
86
62
68
108
-55
24
-55
82
-104
-102
70
114
-119
26
-113
-37
-84
27
84
124
69
89
85
-108
22
-61
-5
35
88
111
-44
-120
-99
5
-56
-125
114
127
43
-102
-66
-25
106
12
1
38
-117
-51
-88
43
118
-106
-54
111
-26
100
124
49
107
-93
-73
-81
-38
-13
95
-57
68
18
10
86
74
53
88
-70
4
12
74
55
103
-128
-107
65
8
76
113
90
-123
40
-64
40
57
12
35
80
-98
-75
-70
-112
-94
-71
28
-123
68
-51
18
53
-126
-81
28
-91
92
-58
20
108
-40
78
-110
-125
-76
-40
123
-78
-39
-93
-66
-75
-46
52
94
-14
-66
30
4
-113
47
41
110
52
-16
-57
86
20
-75
87
-125
126
-65
102
88
-51
-55
11
62
-54
-83
-63
105
-49
-114
28
72
34
-127
111
-37
-60
53
48
7
-88
119
-57
18
-51
-21
42
114
82
-95
-75
-39
112
44
-106
-69
-41
59
-69
78
53
-105
19
49
15
17
68
118
-38
11
-74
73
51
28
-29
-29
21
73
-77
83
-105
-10
82
36
-84
-107
-24
-112
-92
-14
-80
14
16
-79
33
47
54
96
-4
99
-82
34
-11
-71
-89
-94
-62
-3
-75
1
75
-25
-98
-76
-75
60
-22
42
-62
127
-5
86
-13
-22
-108
-94
74
78
-43
-55
6
-30
-31
107
-2
60
58
-103
6
-95
121
-72
57
-116
-90
-117
-95
48
39
-28
-32
7
94
-128
22
1
9
-75
78
67
40
55
83
7
123
7
72
91
60
72
-89
101
31
41
120
50
-9
86
29
-44
84
123
-55
-123
93
-8
36
-52
102
75
-53
49
86
97
-45
52
-98
82
-77
-127
0
-42
-124
26
-120
103
58
58
-108
-107
-42
-79
113
115
93
-39
-104
66
-126
-68
45
20
4
-116
10
86
105
8
-47
-51
51
74
55
76
104
-49
-65
3
24
-47
-48
9
58
-121
83
94
66
30
120
103
18
-64
71
83
-116
-128
56
44
-54
-50
123
-84
16
48
-57
-90
11
-121
38
-40
87
-105
-116
107
-104
-97
83
-69
58
100
-54
-17
-29
-80
44
-68
13
82
-24
115
26
17
70
4
5
48
-74
21
-124
-114
-122
60
116
-28
-128
-5
-106
0
-41
18
82
76
66
122
35
18
-50
-27
33
-77
-115
-128
-98
-117
-124
56
10
69
50
-92
-112
48
102
-60
-121
-57
71
-83
-53
64
65
-9
25
48
-26
-105
-106
-121
-93
-96
-1
3
-98
14
88
-128
-93
-90
-107
0
5
-81
-68
91
47
-127
-128
54
61
118
-68
120
90
63
-28
-76
42
102
106
-92
-28
84
52
-44
56
-114
66
88
93
112
21
48
-13
-54
-126
6
48
-67
-90
-31
-73
30
80
102
-24
-112
127
-105
97
114
-112
32
-61
58
44
-107
74
-120
-109
70
-76
-116
37
89
38
87
115
89
113
-46
-87
36
-117
70
95
6
119
-93
-12
-101
-122
32
115
91
-120
-109
47
-15
28
47
64
88
-61
-106
55
87
69
57
31
-5
67
-74
101
32
90
-107
108
103
20
-55
-115
64
97
-113
55
-120
52
83
-53
-121
50
9
-119
-108
-64
61
-27
61
-4
-128
103
17
75
102
-103
-21
85
-80
73
-88
-45
-77
86
-15
8
126
8
-63
56
-49
58
-120
63
33
125
96
37
-97
-94
72
88
-110
76
32
88
99
-111
-24
-91
-127
-84
50
110
-102
-60
-49
-70
-28
11
-69
28
-124
20
100
43
-34
9
101
-40
-117
87
121
-29
11
0
-48
15
-10
-44
49
50
60
-66
-81
57
58
-40
-106
7
-65
19
127
-15
-105
-125
-17
36
41
-9
105
120
-57
-72
12
110
41
13
-67
-93
-61
-85
-48
124
-21
116
26
115
-45
61
121
-32
64
16
119
66
42
-104
-100
71
89
66
-61
10
10
-95
-101
-119
107
-16
2
-34
32
90
-11
19
127
101
120
60
-41
107
40
16
123
-56
-43
-40
100
-53
-102
20
110
36
-108
-36
-20
-104
36
-75
21
19
0
-110
1
85
-62
27
-78
-74
87
86
19
-91
33
-57
-113
-42
59
29
1
-109
-85
72
59
55
-73
94
57
-106
-97
5
16
39
-81
69
9
-101
56
36
115
68
-53
-24
-60
107
-4
-91
66
79
-69
-112
-98
-79
83
-89
24
-114
117
-70
-105
-41
40
104
44
53
75
-34
-112
-105
22
117
-111
-17
17
108
122
-58
89
-109
52
127
13
-101
41
-5
-119
50
-35
-88
47
-82
92
-127
104
80
8
117
10
36
-117
55
115
73
5
35
-16
11
-121
24
33
-97
-109
120
73
118
16
-97
-10
4
119
-24
-54
111
66
-86
12
-4
43
-60
-63
-103
127
-85
-121
-69
120
-8
96
69
-88
-52
52
-55
64
66
83
-79
-41
39
-119
-120
-79
26
-127
34
52
21
-110
-89
-118
53
11
60
11
105
40
-107
116
-101
-103
13
2
-27
109
86
-92
4
-37
-20
23
-123
-52
-72
-113
98
115
83
-25
74
-8
99
-103
-81
-30
27
-77
-116
-128
-88
18
121
-37
17
-50
75
-38
-119
-38
-4
-92
-32
16
-56
-5
-8
98
81
-25
29
77
21
-72
-49
-31
-108
-21
87
115
38
24
-76
-101
-94
108
82
58
32
14
72
39
97
-93
-114
112
-85
-72
-127
-73
91
13
-95
-52
15
-117
24
35
-72
-80
-13
88
57
-116
-22
-96
-27
-93
47
-94
-87
-61
-87
87
-110
91
-47
87
-51
50
38
46
-68
-75
-70
-13
105
-63
101
-62
-99
-85
-127
45
84
107
54
102
46
-38
-27
-84
-66
-87
70
-113
1
-120
-1
-85
10
84
51
-93
-78
35
79
61
-13
4
-107
-71
94
-125
21
5
-85
-24
-100
123
-72
2
-127
102
16
-86
-32
-95
-93
60
-99
38
119
-66
-36
-44
39
-92
56
-113
-107
-128
-98
50
-24
-61
42
-126
0
-113
84
112
-97
106
33
-84
18
-81
109
-86
4
-116
17
19
-27
122
37
-89
53
17
116
-58
16
48
104
93
2
-15
110
55
-92
1
-86
118
-70
-76
-101
-78
60
-112
53
110
-24
111
-54
71
126
-120
-106
110
-14
12
93
61
-20
-126
-15
56
-79
-115
51
-112
-68
-86
-64
-55
-94
33
-4
-12
70
0
-112
110
-74
-123
-87
-116
-57
-58
112
-52
-111
-5
32
-53
-13
-75
72
-30
-124
-69
33
25
-123
-4
-41
70
-113
87
92
67
4
-87
-85
20
98
101
51
35
45
72
86
63
-40
53
99
-89
-72
-109
99
-110
61
-69
-54
124
90
-97
-118
12
120
-94
15
-74
58
30
-40
-54
-18
-26
60
33
74
-34
-61
-1
43
-50
-7
62
78
-101
104
75
42
9
116
-57
79
-33
-85
-37
32
74
36
-115
-26
-24
-40
-58
-96
-92
5
54
-67
114
-35
45
-22
-109
106
11
89
71
80
-17
-105
26
-59
112
30
107
-80
-64
98
-90
12
-107
86
36
-9
-104
34
34
102
-80
-51
18
-12
-81
79
-88
-121
63
42
-50
-106
58
-19
23
-38
