55
3
112
29
-125
85
103
-128
36
-102
114
-104
53
68
56
16
112
-92
-73
-16
-93
100
-78
100
-128
-16
80
19
-42
-92
-76
-71
42
-101
-107
77
-74
-95
-58
118
-78
-126
101
9
109
42
-84
-62
50
-111
5
-114
-87
89
-42
114
-120
-120
22
63
-67
86
33
-46
23
-109
94
-106
13
91
100
56
82
100
-122
30
-100
-103
-96
-10
-69
58
-77
60
94
-58
-72
16
121
105
86
-6
37
1
-59
60
24
-8
-93
-96
-88
83
-116
-92
71
-65
-123
-52
-108
71
12
88
-106
43
89
108
67
62
3
115
-51
37
-99
127
-104
11
19
120
-90
-50
-94
-124
-18
24
100
117
-16
60
124
10
27
113
19
113
77
113
16
76
-70
4
-74
117
20
-31
-109
15
-97
90
44
56
-11
-108
33
6
18
114
22
-82
47
124
-68
-31
41
-128
26
88
-120
-10
-78
-128
42
-74
-70
79
117
122
48
-27
81
3
104
-68
-113
98
-64
52
-72
42
40
70
124
-23
-78
89
58
-117
-56
-127
-96
33
9
60
73
10
124
48
95
60
-116
51
59
-69
-106
-27
52
30
-20
-114
114
-40
29
56
-40
113
-55
-56
56
-77
60
-49
26
-91
77
7
115
122
121
55
-85
-78
-31
24
-71
-56
-121
-21
-46
-113
-3
-60
-79
17
-72
-68
-105
-101
32
-11
-75
-109
123
-15
46
-89
86
62
68
108
-55
24
-55
82
-104
-102
70
114
-119
26
-113
-37
-84
27
84
124
69
89
85
-108
22
-61
-5
35
88
111
-44
-120
-99
5
-56
-125
114
127
43
-102
-66
-25
106
12
1
38
-117
-51
-88
43
118
-106
-54
111
-26
100
124
49
107
-93
-73
-81
-38
-13
95
-57
68
18
10
86
74
53
88
-70
4
12
74
55
103
-128
-107
65
8
76
113
90
-123
40
-64
40
57
12
35
80
-98
-75
-70
-112
-94
-71
28
-123
68
-51
18
53
-126
-81
28
-91
92
-58
20
108
-40
78
-110
-125
-76
-40
123
-78
-39
-93
-66
-75
-46
52
94
-14
-66
30
4
-113
47
41
110
52
-16
-57
86
20
-75
87
-125
126
-65
102
88
-51
-55
11
62
-54
-83
-63
105
-49
-114
28
72
34
-127
111
-37
-60
53
48
7
-88
119
-57
18
-51
-21
42
114
82
-95
-75
-39
112
44
-106
-69
-41
59
-69
78
53
-105
19
49
15
17
68
118
-38
11
-74
73
51
28
-29
-29
21
73
-77
83
-105
-10
82
36
-84
-107
-24
-112
-92
-14
-80
14
16
-79
33
47
54
96
-4
99
-82
34
-11
-71
-89
-94
-62
-3
-75
1
75
-25
-98
-76
-75
60
-22
42
-62
127
-5
86
-13
-22
-108
-94
74
78
-43
-55
6
-30
-31
107
-2
60
58
-103
6
-95
121
-72
57
-116
-90
-117
-95
48
39
-28
-32
7
94
-128
22
1
9
-75
78
67
40
55
83
7
123
7
72
91
60
72
-89
101
31
41
120
50
-9
86
29
-44
84
123
-55
-123
93
-8
36
-52
102
75
-53
49
86
97
-45
52
-98
82
-77
-127
0
-42
-124
26
-120
103
58
58
-108
-107
-42
-79
113
115
93
-39
-104
66
-126
-68
45
20
4
-116
10
86
105
8
-47
-51
51
74
55
76
104
-49
-65
3
24
-47
-48
9
58
-121
83
94
66
30
120
103
18
-64
71
83
-116
-128
56
44
-54
-50
123
-84
16
48
-57
-90
11
-121
38
-40
87
-105
-116
107
-104
-97
83
-69
58
100
-54
-17
-29
-80
44
-68
13
82
-24
115
26
17
70
4
5
48
-74
21
-124
-114
-122
60
116
-28
-128
-5
-106
0
-41
18
82
76
66
122
35
18
-50
-27
33
-77
-115
-128
-98
-117
-124
56
10
69
50
-92
-112
48
102
-60
-121
-57
71
-83
-53
64
65
-9
25
48
-26
-105
-106
-121
-93
-96
-1
3
-98
14
88
-128
-93
-90
-107
0
5
-81
-68
91
47
-127
-128
54
61
118
-68
120
90
63
-28
-76
42
102
106
-92
-28
84
52
-44
56
-114
66
88
93
112
21
48
-13
-54
-126
6
48
-67
-90
-31
-73
30
80
102
-24
-112
127
-105
97
114
-112
32
-61
58
44
-107
74
-120
-109
70
-76
-116
37
89
38
87
115
89
113
-46
-87
36
-117
70
95
6
119
-93
-12
-101
-122
32
115
91
-120
-109
47
-15
28
47
64
88
-61
-106
55
87
69
57
31
-5
67
-74
101
32
90
-107
108
103
20
-55
-115
64
97
-113
55
-120
52
83
-53
-121
50
9
-119
-108
-64
61
-27
61
-4
-128
103
17
75
102
-103
-21
85
-80
73
-88
-45
-77
86
-15
8
126
8
-63
56
-49
58
-120
63
33
125
96
37
-97
-94
72
88
-110
76
32
88
99
-111
-24
-91
-127
-84
50
110
-102
-60
-49
-70
-28
11
-69
28
-124
20
100
43
-34
9
101
-40
-117
87
121
-29
11
0
-48
15
-10
-44
49
50
60
-66
-81
57
58
-40
-106
7
-65
19
127
-15
-105
-125
-17
36
41
-9
105
120
-57
-72
12
110
41
13
-67
-93
-61
-85
-48
124
-21
116
26
115
-45
61
121
-32
64
16
119
66
42
-104
-100
71
89
66
-61
10
10
-95
-101
-119
107
-16
2
-34
32
90
-11
19
127
101
120
60
-41
107
40
16
123
-56
-43
-40
100
-53
-102
20
110
36
-108
-36
-20
-104
36
-75
21
19
0
-110
1
85
-62
27
-78
-74
87
86
19
-91
33
-57
-113
-42
59
29
1
-109
-85
72
59
55
-73
94
57
-106
-97
5
16
39
-81
69
9
-101
56
36
115
68
-53
-24
-60
107
-4
-91
66
79
-69
-112
-98
-79
83
-89
24
-114
117
-70
-105
-41
40
104
44
53
75
-34
-112
-105
22
117
-111
-17
17
108
122
-58
89
-109
52
127
13
-101
41
-5
-119
50
-35
-88
47
-82
92
-127
104
80
8
117
10
36
-117
55
115
73
5
35
-16
11
-121
24
33
-97
-109
120
73
118
16
-97
-10
4
119
-24
-54
111
66
-86
12
-4
43
-60
-63
-103
127
-85
-121
-69
120
-8
96
69
-88
-52
52
-55
64
66
83
-79
-41
39
-119
-120
-79
26
-127
34
52
21
-110
-89
-118
53
11
60
11
105
40
-107
116
-101
-103
13
2
-27
109
86
-92
4
-37
-20
23
-123
-52
-72
-113
98
115
83
-25
74
-8
99
-103
-81
-30
27
-77
-116
-128
-88
18
121
-37
17
-50
75
-38
-119
-38
-4
-92
-32
16
-56
-5
-8
98
81
-25
29
77
21
-72
-49
-31
-108
-21
87
115
38
24
-76
-101
-94
108
82
58
32
14
72
39
97
-93
-114
112
-85
-72
-127
-73
91
13
-95
-52
15
-117
24
35
-72
-80
-13
88
57
-116
-22
-96
-27
-93
47
-94
-87
-61
-87
87
-110
91
-47
87
-51
50
38
46
-68
-75
-70
-13
105
-63
101
-62
-99
-85
-127
45
84
107
54
102
46
-38
-27
-84
-66
-87
70
-113
1
-120
-1
-85
10
84
51
-93
-78
35
79
61
-13
4
-107
-71
94
-125
21
5
-85
-24
-100
123
-72
2
-127
102
16
-86
-32
-95
-93
60
-99
38
119
-66
-36
-44
39
-92
56
-113
-107
-128
-98
50
-24
-61
42
-126
0
-113
84
112
-97
106
33
-84
18
-81
109
-86
4
-116
17
19
-27
122
37
-89
53
17
116
-58
16
48
104
93
2
-15
110
55
-92
1
-86
118
-70
-76
-101
-78
60
-112
53
110
-24
111
-54
71
126
-120
-106
110
-14
12
93
61
-20
-126
-15
56
-79
-115
51
-112
-68
-86
-64
-55
-94
33
-4
-12
70
0
-112
110
-74
-123
-87
-116
-57
-58
112
-52
-111
-5
32
-53
-13
-75
72
-30
-124
-69
33
25
-123
-4
-41
70
-113
87
92
67
4
-87
-85
20
98
101
51
35
45
72
86
63
-40
53
99
-89
-72
-109
99
-110
61
-69
-54
124
90
-97
-118
12
120
-94
15
-74
58
30
-40
-54
-18
-26
60
33
74
-34
-61
-1
43
-50
-7
62
78
-101
104
75
42
9
116
